0205964
1397699
3251324
4862021
4556837
5841902
1554433
3193465
9476168
2859466
8416494
9076496
1756569
8509758
5165490
2070934
6945457
6576968
1316673
7443066
6777882
3234673
0062232
0715284
4144475
9467170
3088788
9921873
4245791
8093717
3738505
6851816
2009255
6865321
0717207
1256468
4497960
9583616
9740320
1560883
8996095
3991044
4824255
1320734
4275980
6273039
6980176
6516922
0140567
3803617
7091422
4388720
3538137
1903314
9258330
6663070
5637099
0109195
8270128
6962226
9154180
5997525
5875876
9606734
0288595
1441703
4936158
0924173
7486042
5242793
7605927
6982927
2075293
0718313
9715244
9151539
0939796
1613286
2595319
0425523
0044566
4917438
2363740
0998163
2559112
3432281
8958631
4630674
6167355
3856164
7314890
5276686
6049812
4536216
5946320
7457108
0462854
3379592
6022500
1023731
8997757
4158374
5887382
7434341
0078772
1659200
1086330
8844152
3078175
7342325
0941673
2870414
9223227
6775836
2540524
3200600
3459099
9459688
3347957
4924463
7949934
9726785
5443617
9080358
0798285
0964063
5943295
3713546
9268269
3337096
2662495
4483022
0300413
1191385
4633653
3208434
8803401
4147438
7264733
6576764
9540205
1940382
6458586
3760415
3133001
1526556
0733995
6786440
0271267
9664599
3011737
9337565
5060936
2123224
0258343
9964945
7871261
8913591
2578026
5426846
6767143
1775015
6243843
5412811
1614923
6036489
3625237
5034563
7705894
3518581
0678209
8134698
7206202
8403715
3905811
2035948
6429323
0984631
4671714
5912948
0246118
4269612
3273151
3053781
8724494
6062117
0904287
4296011
9889276
3209314
9662230
6090268
7673995
4192594
6864489
1183255
2111713
2235795
0978302
3011762
2630550
1524009
9235544
7052193
8738132
4165021
6677447
4587466
4717907
0295863
9876920
1310501
2151036
0515300
8386902
0650972
5280080
9994694
4693190
0095288
7038108
1126339
0971791
7952125
0946893
4163332
9413318
4231190
5245502
0036466
1001817
9774832
4332457
2520633
9777497
3179869
8534358
1484969
5311418
9653905
2849860
6473360
8248068
5890084
7854332
8377803
2518488
3034685
4919492
0823959
5263254
5971489
9653483
4884751
5193238
3482620
4771726
2296309
8390753
6171661
6022036
1465212
3096180
6896712
0848789
6995799
4442451
8342236
1808934
4266368
3049923
2231643
5691460
9601572
7020862
5321723
0763539
5290865
7259721
8561173
3158883
0128479
5137717
0294306
1473127
8119698
6823886
5030600
5184325
5054251
9004613
8689882
3610730
5201420
0216388
7818965
9789775
2380763
9433061
8856094
9962440
6444579
9552245
5432250
9195087
7800443
2526562
8953671
8561854
9770809
5335572
2823937
3568304
3020313
8554845
0712959
5357762
2993669
1723522
0573873
3341934
8102924
0138186
9738260
6559378
2963110
5792212
6289724
0552270
1393211
3500404
0700750
2655680
1586713
3840024
6848568
0015761
6372679
4389879
9779265
0901919
7037191
8311012
1069837
9546752
3996685
9339692
2015101
3868122
3327582
0334813
1218920
6767967
3112999
1583786
5326715
0752605
1904340
1663168
8125578
3066199
8415494
3269090
8521363
7722121
9886532
0541685
7477831
4743445
9955992
9914737
2095715
0579167
6050663
3960212
3758816
5042780
9006412
6122031
8314142
4570079
1856168
9168076
6844284
1587218
7746072
0271487
1567215
1473290
1386342
0095067
9099313
5688758
9118702
1889903
7545612
9836982
5465887
1402016
8408735
6230642
4049623
0557641
8556838
1762849
1419894
0484804
7764666
5441548
0723864
6249878
2539011
3590252
8131635
5610706
0254078
9305465
6494500
2796790
0817759
7047017
1832597
1976867
4714943
7417405
0123366
7068077
4642542
1358642
7283493
8216953
4932167
3868848
9611751
9034323
7789623
1611708
9747399
5521019
2430848
3862441
6435702
1644783
1929098
4015422
4391206
2258675
3124359
7635276
4045323
7363171
5501283
9554543
9180817
4228518
2409187
7017140
4950423
4569240
2388021
3683356
9762514
9577446
4622218
1749039
7176464
2982972
8379266
2306119
4108946
5621570
8316797
5970002
2334276
0953287
8755492
0878656
3551494
5336525
0142257
4950890
8008646
3776927
5348076
3072689
1615784
7095328
0789452
7528792
0217347
7619444
6981256
2626410
0503404
3026789
6467520
8443282
9320407
1730296
7393836
5622634
2797383
5189177
6642676
4942301
4815173
6621026
5717672
0808443
1382139
6276558
5668080
1954369
7370257
2931501
8700162
5115111
6527734
7964688
7891213
3801505
4622044
2353302
4250491
6308179
1583909
6112232
1915097
8459037
2878896
5215998
9775507
7385647
6220280
8201704
8672465
7653531
7498208
3878307
0307125
0662939
2492147
9160748
3976803
5587386
4476005
5975995
1837991
3668767
0574849
0027717
3815611
0186071
1741734
6421440
8553734
5547044
9895557
7452132
7769895
0118906
1532441
1278542
8715927
5781937
2277585
9538372
5330162
6459936
3466516
7477479
5565471
4405767
2014552
1297347
8522549
6422553
9203956
9185457
8543884
1785222
8529655
0800584
7772734
3475216
9290380
7198106
3148597
3707299
7950423
8424208
7244652
1309128
7845225
0948858
4607239
1482987
1015160
7023214
2957271
9273352
3377567
5741625
4932104
6617994
3210898
5905879
0394685
5682347
0233806
5899743
3027240
3976420
7804738
2458540
1669458
6204195
9731859
5766973
7604247
6231475
0432767
7400106
2846188
7520470
0826694
1867992
6978061
8409102
7697666
5074572
3053414
9661695
0421163
4156800
3888024
5276360
0805382
7139615
3514981
0035734
2560275
4016917
7533681
6911304
2712236
7064886
7191395
7665997
3131278
2013083
2539286
2418641
9425816
2734887
7797636
6750834
5036899
8386251
5255854
3836203
2934265
1600039
1652028
4725295
9383903
4536082
3417875
9117869
4503961
7183632
8966566
1874542
7675109
0466421
0580894
1152688
7171034
9721320
7142953
9255439
4939453
1480425
3873379
4343665
0048252
0825386
2159640
5666568
5303211
4238898
4327395
3219893
9569890
4154088
3181139
6161400
0474562
7457092
9038353
2043341
0483461
9741569
1456913
0038511
3489053
6140125
9694240
1895120
7755683
6878374
6101661
9233574
0937277
5328416
7155978
4801647
2855823
7984676
4857996
2396019
0405659
5466083
0048196
2556602
8869266
2305541
5439739
5398023
1254697
4335513
7064585
7503806
7953112
0152495
4664968
5996051
6581649
0608345
0414815
9015963
5124259
8086998
6766570
2584292
8804402
1580620
6753826
0530122
9540581
7278222
6050832
4706206
6399460
5315494
4337341
3057051
1939705
1531133
4637879
4902174
4293502
9050251
9356444
6033222
9734362
2175209
5392447
7878155
0019480
7242616
8895259
6631774
4617806
3727953
4004742
6458018
8441879
4627171
4757885
1159645
0039619
5842455
6268889
1832041
8669408
6040187
8591411
2324986
9737215
5386217
8262864
1451030
3859806
9547694
7397025
6605517
5694521
1709328
8804128
7222897
4582033
8796190
6827617
1363512
8175121
0411640
5787944
5900685
3533005
5175436
0556757
9811562
8997459
2910883
8335639
9002824
7350959
4295607
1800671
0191856
1893739
9197765
5339497
0921274
4718072
8187024
0257782
3491757
9930561
6828274
3597534
5336822
5155878
0174287
5595839
7765252
9511568
3497060
5697761
6658981
7888878
2936296
5491764
8978326
1405784
0604166
2877527
7409119
0105543
2619904
2898989
9825516
7857657
7353172
6329890
0958635
4458367
5909813
6860598
1297897
7083291
0016233
4812876
2948686
7333499
8518726
4350038
2161803
8318007
8320744
3082893
6635151
7220753
7828022
3400504
7518718
3692069
9975242
4113078
4489881
2177501
0357147
5966480
3853722
6832024
0257761
0843180
6607279
4471308
1805050
1638887
0708711
1501885
1216159
3761430
0526398
1400033
3146810
1427234
2847125
7973403
8196054
5629360
1548716
0466302
3224000
2865580
3206991
9409668
0892143
6653842
8497966
6886411
4478043
5909201
1175057
7710851
8237256
9059432
5794578
5374009
4395902
0644021
0555674
9498765
0137857
7478123
9875976
5890169
0691183
1577848
1862336
8431178
6338841
1562498
8711475
8427138
3284699
3864771
2965853
0339549
8281026
4633189
7836072
0531361
7431546
4750876
1854276
8477695
2242222
4432477
4642061
1758855
9872342
5640701
6977596
2086476
1478120
8823953
0663201
5994842
3783646
9396939
1057235
0541449
5987706
1152028
5009332
3967639
2972078
0309565
7104674
4706297
2168064
1228582
1369428
1873784
7776188
4442212
7515097
6289737
0974722
8074803
0177512
8236906
8087013
8949370
4018438
6821762
5697236
5646172
6775866
1362508
2367787
6685209
9975945
3042139
4413963
6539011
