58612878678
51316691179
95002672749
50552928600
73737029189
57903686867
46811156643
93035706124
06123101723
60097950614
82773436303
35983182391
01487126535
02529321551
12772440046
06448665064
57195572081
17209727426
28184847352
61185591045
19256274559
75793892723
02872765045
92073369671
14468697450
02959870101
20842463949
82091690783
46850846940
10971931141
61965320828
54383431747
13549113170
51030557689
09601577896
49653938177
05783698566
95958335779
76510723158
19446079754
00859249032
98296526797
23565808285
81391421746
07515962914
77222794898
69958078526
10070402329
18476814884
12117813915
914061410885
044270478624
256847736827
663293325277
746603090209
587447728854
081275720491
147106602212
278778539090
029066365712
758323157135
817521424038
958935481238
143654647146
027740106269
909010749173
775193714286
883240905561
410396866198
839619003867
754453743348
383262951874
805779897847
109014874052
694835107800
656133986030
618444827604
127695111766
345750257773
845227090846
245960040354
175575126265
710663523328
363182857750
059835111077
785759317354
579591694794
260451157461
980795072903
870098127591
310854265464
615810081413
848705752375
791209748599
763215546826
889312459460
748819169711
305232891987
177204399783
7814790399816
3285655673267
4624945309785
1049757762614
6117115199619
5448968614144
5171704672128
7845920112032
8062120202684
1266378426329
4576481754575
5404022733511
2168676050855
1413127436829
2269739837821
8371682603135
8816006663660
0060255591956
9041648170077
3447116561657
8607118349206
4409015646395
7107155036682
1317898541348
8139882200104
2389209870255
2645151188758
2547597005154
0236621912507
8492981413597
6007767145557
2278427158181
5929689542358
0311081971236
9246925304048
5975433660838
1553288567445
8455302813029
1383244091171
3292688320907
9938450463665
7057338974714
6494422969000
9369897578671
4986155512659
2139220985176
1553285220182
9267852342306
7303162132461
2183123130896
37032805103512
83538116660536
67059923050584
87099330555068
37863014619706
31945127793017
98979016079932
46296187937792
78471471823754
11885691315525
33091138458016
96309533621245
79919416195174
17149599670468
87768716244561
21050814127098
32816314623872
40320184847242
15726838467808
71010075160267
51522215754852
95818556165923
84255960145920
18865247053212
53491015432566
86208932318074
63668869747258
66817374605575
68195139569326
02033433629493
38044902025594
20589426797304
15801506756385
52386870117344
67570163498058
67659168004209
03703232027541
60751310750565
83772732236006
31549952088503
82472419914258
09858568791955
08357647320946
88313964549680
96501225039056
78928348624884
16814817127073
80226778359236
86921018492722
11684250633550
346065811039552
576762931612162
692412853658845
787515219123592
330528654348306
409414273949071
797308385849297
546193194480310
238796696946773
468194466596441
915903695156610
651634181946931
160646735404488
919828623870328
460140146695469
542556107450607
121395235739767
570088647767965
203139581608348
954761238119818
193402302956953
976388143239846
444207618567719
505294822377816
576188605030098
349957093306592
353253114738577
648619180523775
515230272323710
362341447577190
586582964988737
143065435452495
923577891335684
638446242325278
279418670531839
353717139576843
394815395668868
246010386708154
945617699314714
251186795754340
047236825033438
661704785859908
606776174045558
981696025086937
641551657614829
413682333611608
427088663720483
378426972724399
232533093664148
299326633281830
2529304308
7536555547
7720613448
9019307804
7171356745
0260026556
9400860517
9695635416
4805925874
7263672884
3983926176
2598643206
4750724895
5922324719
0749266583
8979223729
3693608697
7120503450
2614867386
5660044574
6325219201
1945030057
1893709760
4681310827
9359315423
7372653205
9999272867
5746628337
1239601797
6848254491
0713548081
2828692122
7532904864
7516161950
4697838577
3375815428
3606156881
0731897674
4214859506
4101558327
0823755405
5359653963
6565726353
9399854614
9531512161
0907246753
1626467175
8001825490
8254667508
0074953503
299223290
496733807
337732431
697004110
456836778
107762263
484549510
000542357
895465433
157051177
800646327
297258077
282738124
873647639
102644704
688054344
488968091
383947909
166782246
593101642
677951280
418633709
413626166
527526700
975572503
634690087
773127177
436665169
860312244
219095335
417225542
960859493
492157824
442810040
503595588
733941434
597156495
272287605
432478274
667451123
881141545
785242121
125835051
235278753
765934960
632837079
476136416
329900497
137038401
285499253
34974349
06031590
22799063
19649835
87616205
94055713
73838153
72418187
99658566
19059680
08656126
06349474
02351280
43910867
58377411
80060509
19214438
28257168
36419363
34677028
39232169
17422528
81738503
17270555
46586056
22607173
16126789
39520858
38453750
92714450
09931931
28187732
67658045
00370995
53808410
71205758
81040993
84019659
44448658
86098921
52907970
95891338
24988018
19253323
94761251
32804424
69762631
78587362
40263712
43899036
0939147
2982592
1205298
1291719
7138696
9158634
5080928
7179761
3202323
9898354
0913287
3777255
5515947
9153563
3837069
7008688
4800025
1619771
3709781
4354246
6992898
5657999
1587220
0081354
2155694
0322531
4054765
5222548
2821784
3730241
7623545
1747818
3539940
5146660
9151327
2955611
5231076
7466792
8632169
4074555
4247446
4631243
5804160
2846728
6829450
0833268
2446505
2650506
8067419
1471531